1	7745 
10001	3685 847 2126 3610 14883 14341 14261 12560 
10003	5749 
10019	17148 6674 
10022	1951 13088 
10025	15630 6503 
10026	2805 2667 17304 
10034	29 17847 
10039	3957 16803 
10046	7734 16377 
10047	2716 
10048	4216 
10050	2478 
10072	2126 13480 11231 9279 6021 4240 3821 2127 
10073	17723 
10074	10099 7653 
10076	14983 
10099	2337 4750 14944 17164 17801 7653 7767 9860 13641 12043 941 10312 10074 17197 
10101	16377 5314 5414 2483 9385 
10104	7440 
10106	7824 
10107	3051 
10108	7210 4309 
10110	1764 
10111	17556 10949 
10112	7204 
10115	9301 
10117	15072 12865 
10124	3164 15633 
10127	3691 17569 10241 
10145	7204 11370 
10146	10886 
10164	3462 
10165	6355 
10167	1468 
10185	12387 2169 14047 14628 
10186	7813 
10196	12124 
10197	4915 
10200	2209 
10210	1424 
10227	1078 13605 5404 
10229	7509 16426 
10234	10804 16605 17351 9597 15568 6148 14309 11067 
10240	6696 2849 
10241	3691 10127 
10253	1074 8254 
10261	14378 10262 17717 15592 
10262	10261 
10269	2534 
10278	6461 
10283	16451 6834 9629 3579 
10295	7880 1956 8748 
10312	16779 10099 377 1352 2477 5487 
10317	11816 
10319	13829 3167 
10328	12560 
10335	12366 13605 14134 
10336	1584 6824 
1034	16 1132 4376 6491 
10353	14605 16080 17625 16587 4674 9417 
10354	16462 9364 
10355	13274 
10358	1380 
10364	4342 9105 
10369	380 11937 13514 
1038	2183 
10399	16359 15345 8858 
10401	678 
10402	184 7374 
1041	12915 17526 
10425	6630 6205 
10432	8350 
10436	2106 12880 
10437	7552 6060 
10438	12600 
10440	11089 
10442	1145 
10465	6911 6185 14799 
10494	1420 5927 
10496	6330 9029 
10504	7851 
10520	10546 
10537	7731 9790 
10538	7770 16108 
10546	10520 
10549	5449 
10553	10691 
10560	17760 3148 11479 
10564	4104 
1057	2407 1491 4380 
1059	11008 7524 
10628	16426 5035 16072 15651 8987 9314 14118 10790 13573 17655 
10644	8536 
10648	5331 2322 5215 
10651	1098 10969 17184 
10657	5541 
10668	6490 3526 
10691	6206 15850 11521 6449 3723 2126 1822 10553 
10692	11729 
10698	11524 7815 8169 
10700	8049 583 
10701	14280 
10706	15549 13874 
10707	9376 
10711	6356 
10712	11521 
10715	1690 6 
10718	5278 4324 
10725	14397 9533 10814 
1074	11699 16887 3200 2631 6479 7049 8254 8536 8977 9171 10253 
10765	12552 17793 
1078	5404 13605 10227 
10790	10628 
10804	10234 11067 12989 14309 16605 17351 6148 9597 
10805	16509 
10809	2861 
10811	7659 
10812	3963 
10814	14397 10725 
10834	7765 4506 2568 
10851	2106 8668 
10864	7059 
10872	8716 
10880	7204 
10883	14384 15986 16482 
10886	10146 
10889	12915 
10890	11902 
10892	6313 
10904	12131 8711 3726 12991 
10905	12796 6853 
10907	2368 
10912	5553 16020 
10915	9004 
10917	8895 
10930	14118 9264 7991 3698 
10931	7636 
10935	3673 
10940	5620 
10949	4677 5283 7014 10111 17556 
10954	673 
1096	1545 1496 1683 4051 6088 12156 14055 
10969	17184 1098 10651 
1098	10969 10651 17184 
10988	5620 15439 15345 13579 11500 16730 8470 5130 485 368 17177 
10989	788 
11001	9362 7563 6429 4634 2593 726 616 239 
11002	12179 
11003	9124 11284 12121 
11006	8536 
11008	1059 7524 
11012	13514 13530 
11029	2038 11029 1329 7745 
11032	8593 485 
11034	12648 12865 
11063	285 16660 15822 13644 8558 5836 5412 4978 4898 4897 3769 2962 2861 2090 
11066	11621 
11067	10804 16605 6148 9597 10234 
11087	8254 
11089	10440 
11090	3850 
11092	3674 
11094	7204 1779 
11098	9894 17746 
11101	14199 6222 1678 
11104	9533 
11109	11245 14316 3531 
11174	12237 6919 16789 6598 17982 17994 2038 1816 1329 333 
11176	15758 3126 9284 3691 
11178	9227 14685 1369 
11180	14096 
11192	5043 4104 
11214	16660 
11220	5952 3981 11242 
11224	3221 
11231	16665 15995 14383 13045 10072 6359 6228 6021 3915 1134 9992 17526 
11242	12572 5952 11220 
11245	11109 14316 
11246	7065 
11252	297 
11254	12029 
11256	2773 7653 8754 
11259	943 
11283	4983 5295 16144 6911 16509 8745 9136 15900 11317 
11284	11003 9124 12121 
11285	17955 5433 
11290	6634 8858 
11292	3581 2403 4988 
11305	9800 
11309	7851 
11312	182 5956 
11317	11283 
1132	16 1034 
11322	12994 328 2622 15948 4674 6811 16134 
11327	9079 
1133	6062 
11334	16476 4999 
1134	11231 6228 15995 
11340	13125 3723 
11341	14857 
11349	8555 12853 
11370	18000 5590 10145 
1138	16872 
11383	6185 1895 12151 
11387	4424 
11388	2219 
11393	13731 
11408	16635 12069 13874 
11428	7825 9206 2292 15062 
11435	4438 4405 11453 
1145	9991 10442 
11453	6659 440 6284 4438 4405 11435 9580 
11454	9603 
11455	14399 
11460	604 4370 
11463	9888 8826 
11466	7950 
11469	17482 4297 6700 12453 14096 15845 
11471	13809 6378 13918 
11479	10560 3148 17760 
11482	14023 
11487	8810 
11500	2451 17095 17029 16730 10988 17177 8539 8005 5927 368 485 
11510	8810 
11521	3968 2126 4299 6206 10712 15850 10691 
11524	8169 10698 
11525	16680 
11529	16045 12986 
11537	8578 
11559	12915 11559 9770 5602 5547 4397 2371 
11560	8810 
11571	15850 1448 2126 7340 16872 9744 
11578	16660 
1158	8350 
11598	15233 12138 8536 
11599	9714 
1160	4934 
11600	12577 
11602	14256 1950 
11613	7311 4315 8688 13300 13035 16057 16963 
11621	11066 
1163	6234 5343 
11649	2038 1173 
11650	11729 
1166	9991 
11660	4863 17828 12625 
11664	4352 
11667	9804 13634 
11668	87 
11699	4035 4750 8536 1074 16281 12292 17805 
11713	9489 
11715	8442 11972 
11719	6301 
1172	2716 1779 9172 
11729	16520 11650 10692 6094 
1173	11649 
11760	5783 5215 2461 1995 
1177	5215 1188 
11775	15651 
11783	16166 
11792	5590 
11816	10317 17776 8822 
11817	12433 
11819	3732 
11822	9238 
11823	2670 
11838	972 
11856	3661 4104 4446 1995 7501 7470 
11868	13740 
11872	9578 16943 
11876	7320 4623 
1188	5215 1177 13353 
11886	15081 
11888	8140 
11889	1655 14235 
11890	13754 11988 
11896	2274 
11902	10890 
11904	830 
11917	8038 17691 9183 
1192	9585 
11925	16855 6211 13470 
11926	3400 
11937	9445 8419 3360 13514 13964 15672 10369 
11938	7204 487 
11954	16798 
11958	13552 
11961	4791 3767 
11968	3554 14321 9380 
11970	9645 
11972	8442 11715 
11988	13754 5715 11890 
12001	4163 8810 
12003	5043 9270 
12009	16976 3037 
12012	5295 
12017	8110 
12022	4436 
12028	5869 
12029	11254 
12031	240 
12033	6453 
12042	14151 17291 17346 16766 16651 8967 7257 3214 
12043	17801 10099 9860 
12047	5278 
12050	8688 
12069	13213 4930 11408 13874 15906 16635 
12073	65 15439 
12075	12104 
12077	13936 
12097	9375 5466 
12104	12075 
12114	2663 16509 
12117	5817 
12118	2289 
12121	11003 11284 9124 
12122	7242 
12124	10196 
12126	5358 
12131	7950 10904 
12134	2233 15584 
12138	8536 11598 12249 
12143	4373 
1215	15164 9363 
12150	153 
12151	6185 11383 
12154	16170 
12156	14055 1096 1496 
1217	6609 9645 9108 
12170	7281 17271 
12171	9812 
12173	372 
12176	12741 
12177	440 
12179	11002 
12237	14198 6598 8745 11174 16068 
12238	3147 5601 16637 17526 
12249	6226 12138 8536 15233 
12254	8862 15439 
1226	9569 
12265	15263 7219 9533 550 17029 17882 8416 
12274	3570 
12280	1229 12283 
12283	12280 1229 6800 
1229	12280 12283 
12292	4660 11699 9558 
12305	3021 
12315	6185 
12323	8861 
12324	4371 
1233	17798 15528 7837 3125 
12333	12989 16166 14255 16184 15233 15221 12334 
12334	15221 14255 12989 15233 16166 16184 12333 
12335	2593 
12336	12545 
12337	17933 
12343	17688 16700 
12366	10335 3351 
12368	676 
12369	1786 
1237	1948 
12377	7460 7459 
12381	7549 7219 
12387	10185 
12389	9790 
12391	13570 12976 3165 
12397	13572 
12406	9850 3725 4216 
12424	12532 2828 
12428	14254 
12431	7060 
12433	11817 
12435	12437 12438 
12437	12438 12435 
12438	12437 12435 
12441	8536 6345 
12453	14096 1721 3047 4297 6700 7399 11469 17482 15845 
12454	4335 
12456	13731 16776 
12472	8592 
12477	4472 
12484	14227 13719 
12496	6378 
12503	17052 9296 
12505	7092 
12532	16431 5035 12424 12628 13042 4915 
12545	12336 13611 4436 
12552	5869 10765 
12554	16022 
12560	5219 10328 14341 10001 
12562	1662 
12563	6018 
12567	8049 
12572	11242 
12577	14703 14378 13357 11600 
12578	17347 
12579	786 
12580	12880 
12593	8065 4861 13031 15439 
12596	682 6121 8118 
12600	10438 
12608	6672 17697 
12615	14293 
12616	5140 
12621	5428 16700 6846 
12623	1995 
12625	4863 11660 
12628	12532 5035 
12629	3765 4112 2663 
12630	17845 
12631	15660 
12637	786 
12648	11034 12976 13540 9770 7707 17609 17720 310 12865 
1265	15345 5484 3389 
12653	5751 16701 16702 
12656	8688 5341 
12658	17933 15053 9612 3221 
12690	16747 13443 13345 12941 7542 5087 3456 1351 15837 
12704	17181 1717 6286 7597 
12705	5424 
12713	17212 9991 
12715	8065 13921 17018 622 
12728	16308 7356 
12729	9369 
1273	13540 
12741	5328 8100 8445 12176 14550 15761 16680 14615 
12744	16790 
12752	1939 339 
1277	303 
12796	15921 6853 9113 10905 
12797	12915 
12808	6011 
12821	7637 
12824	15950 
12825	14023 
12839	17592 17336 12932 13978 
12844	4855 16577 
12846	14280 7678 
12848	2747 
12849	1662 
12851	13412 
12853	8555 11349 
12865	15680 10117 12648 13641 9770 2547 7035 5314 11034 5662 15072 17662 
12880	10436 12580 
12915	9770 8998 7831 7830 5602 5547 4579 4397 10889 11559 12797 15757 15982 17526 17547 2371 2337 2012 1041 210 
12919	1680 
12932	12839 17336 
12933	310 17609 12976 
12936	1995 
12941	12690 13345 1351 7542 
12955	13857 5620 
12961	7452 9489 3893 
12964	1766 13294 6743 
12976	310 3165 12391 12648 12933 14293 13828 17609 17720 
12986	16858 4185 3916 16057 14293 13756 2541 11529 16045 
12989	14255 9597 10804 12333 12334 16184 16166 15233 15221 
12991	8711 10904 
12994	11322 1363 
12996	15290 
12998	16943 
130	3602 
13001	5101 
13003	6626 
13005	15752 
13008	3554 1895 14344 
13010	9301 
13025	9696 6425 3288 
13026	1764 
13031	9806 12593 1359 
13035	11613 8688 16963 7311 16057 
13037	17698 
13042	12532 
13045	15439 17933 15566 11231 
13061	6378 4335 17726 16565 13918 13809 13163 13146 
13069	16136 3497 
13086	17190 
13088	1951 9840 10022 
13110	16565 4335 9134 9889 
13125	3526 3723 11340 15570 
13146	7117 13061 6378 2275 13918 13809 8065 13163 
13163	13061 6378 13146 
13167	3957 15538 
13170	7017 
13175	8355 213 
13181	13958 
13189	374 
13210	14067 1655 
13213	4930 8680 12069 
13217	17758 16542 
13224	7622 
13225	8152 
13226	14386 
13274	10355 5927 3788 
13277	6460 
13281	7250 
1329	16677 11174 11029 8745 17430 7501 6869 5254 2503 2038 1895 583 
13294	13514 7056 6743 7653 12964 
13296	16878 4064 
13300	4315 7311 8688 11613 16963 143 
1333	7839 4579 5804 2012 3030 
13342	5541 17017 6058 14531 7207 6336 
13345	1351 12941 12690 7542 
13346	2274 5932 
13348	5634 
13352	6247 16480 
13353	5215 1188 
13356	13719 608 
13357	12577 14378 
13360	7622 
13361	2602 
13362	4218 
13381	14869 7281 6652 4551 
13384	16776 14185 
13385	7553 
13389	4172 3113 
13390	16523 
1340	15062 
13412	12851 2365 1375 
13422	9361 
13443	12690 15148 4436 
13445	3881 
13455	15080 16057 
13456	3569 16451 17744 
13470	11925 6211 
13480	15193 10072 
13483	13809 
13484	15355 
13496	4853 
135	97 2451 2970 
13500	9489 
13503	1631 5927 15822 
1351	12941 1353 7542 13345 12690 
13514	10369 7653 16635 13530 13294 11937 11012 
1352	16779 10312 
13520	2352 7223 
13524	17052 
13528	9361 
1353	1351 
13530	13514 11012 
13540	7707 12648 15765 9770 16363 1273 
13542	17807 
13551	17511 9381 5102 3113 
13552	11958 
13554	8811 833 8750 14839 
13563	3007 9280 
1357	13643 
13570	12391 
13572	12397 
13573	10628 
13578	586 
13579	10988 485 5130 
1358	6942 
13581	6335 
13587	13874 
13588	17735 
1359	9806 13031 
13605	10335 5404 14134 17668 10227 1078 
13611	12545 
13619	15439 8956 8267 4064 3263 16577 
1363	12994 
13634	11667 1905 
13641	5130 2330 2547 3221 10099 12865 15439 
13643	1357 
13644	2090 5412 11063 
13655	413 5693 
13688	15684 6846 7092 1732 7243 9259 9658 14204 
1369	11178 9227 2631 15233 
13719	14227 13356 608 12484 
13731	16943 11393 12456 16776 
13734	6960 
13740	11868 
1375	13412 7358 2365 
13754	11988 11890 
13756	2541 12986 
13765	9558 
1380	10358 
13809	7117 6378 11471 13061 13146 13483 13918 14505 17799 
1382	6244 2000 
13828	17609 17592 8068 12976 
13829	3167 10319 
13830	17477 
13840	2330 
13847	14942 14502 2466 
13857	14598 12955 
13858	16963 1764 
13874	15549 12069 11408 10706 13587 
13877	1789 
13879	16847 5600 
139	8163 14245 14203 2330 
13918	11471 13809 14505 13061 17799 2275 8065 7117 6378 13146 
13921	17305 8065 12715 17018 622 
13929	17735 
13936	12077 
13952	9742 3754 
13958	13181 
13964	11937 15672 
13978	17336 12839 
13980	5301 
140	17121 
14023	11482 16723 16766 12825 297 842 8646 9991 
14040	16337 
14043	2365 
14047	10185 2169 
14052	4888 15002 
14055	1096 1496 12156 
14067	13210 17212 
14074	7900 550 
14096	5927 6700 9614 11180 11469 12453 15845 17482 2147 4297 
14118	10628 7991 10930 
14134	7238 10335 13605 
14137	3830 
14139	3113 5317 
14140	17197 
14151	7131 12042 17346 
14155	7066 
14157	4175 
14172	1545 6088 
14178	1764 1904 15561 
14179	6889 
14185	13384 4497 5035 
14198	12237 
14199	11101 
1420	10494 2503 16166 
14203	139 
14204	9658 13688 
1421	17355 
14225	15552 
14227	13719 12484 
14233	7338 4175 
14235	11889 1655 
14239	8939 9792 
1424	10210 
14245	139 9180 8163 
14249	7794 
14252	16489 5468 
14254	12428 
14255	12333 12989 15233 12334 15221 16184 16166 
14256	1950 11602 
14261	14883 10001 3685 
14280	12846 17175 10701 7678 6913 6185 
14285	3281 
14293	9877 17609 12615 12976 12986 15660 16858 2541 3916 
14295	339 9259 
14296	16541 
14299	4861 2639 
143	4315 13300 
14302	764 
14303	7227 
14306	16776 
14308	5254 
14309	16605 10804 10234 9597 
14313	8708 
14316	11245 11109 
14321	11968 
14330	15900 
14333	2330 
14341	441 12560 10001 7707 485 
14344	13008 3554 
14364	14916 14954 
14367	5165 
14378	13357 10261 12577 
14383	8005 16671 11231 15995 16665 14847 
14384	15986 16482 10883 
14386	13226 
14393	2126 17304 905 
14397	9533 10814 10725 
14399	11455 
1440	17122 5657 
14407	8012 14437 14918 
14428	282 14900 14437 7950 8016 
14437	14407 8012 8016 14428 
14438	7987 
14470	3007 17390 6430 
1448	6138 6394 11571 
1449	9369 16820 
14502	2394 209 8536 13847 
14505	13809 13918 
14506	17477 
14531	13342 4104 7794 6336 17541 
14546	15534 
14547	7065 
14550	12741 8445 
14551	16368 4614 
14552	7934 
14564	9570 
14565	2803 16295 
14598	13857 243 4394 
14605	16587 4674 10353 17625 
14608	16181 15113 
14614	3673 
14615	12741 16680 
14617	2370 372 
14618	14934 
14620	14934 15366 
14628	10185 4659 
14652	8470 17095 
14653	7895 
14674	4792 3897 8637 15597 
1468	17942 14685 10167 7438 
14685	17942 1468 11178 
14686	5254 
14694	15113 15164 8536 16344 
147	9681 7399 
14701	15638 
14703	12577 
14715	16426 5035 15376 
14716	4520 14978 
14729	764 
14780	15373 6279 15345 
14782	16249 
14799	9092 10465 
148	1995 
14800	17110 
14814	5755 
14817	8370 
14820	9283 
14822	8356 4041 
14832	16443 8074 9073 17978 
14837	17828 
14839	833 8750 13554 8811 
14844	17735 
14847	14383 16671 
14848	17489 
14857	11341 15221 4781 15005 
14869	2570 6197 7281 7291 13381 
14871	2274 
14878	15983 
1488	3807 
14880	15164 
14883	14261 7630 10001 
149	16182 
14900	2289 17933 14428 6007 7950 
14907	5048 
1491	1057 
14910	9829 
14916	14954 14364 
14918	14407 
14934	15999 14618 14620 15366 
14935	15657 
14942	7563 2593 2466 2474 13847 9597 
14944	10099 
14954	14364 14916 
1496	12156 4051 1683 1545 1096 14055 
14962	9829 5841 
14974	4463 14978 5099 
14978	4520 4463 14716 14974 
14983	10076 
14990	1631 7399 
15	7242 9571 4273 
15002	14052 4888 
15005	8114 14857 
15006	4172 
1501	1554 
15016	9661 
15032	17336 15913 
15040	15148 
15041	6727 
15053	17933 3221 12658 9612 
15062	1340 11428 
15064	2671 
15072	12865 160 10117 
15080	16057 6353 13455 
15081	11886 
15086	16674 4526 
15113	4165 16605 16323 16166 15767 15651 15439 15362 15233 15164 14694 14608 7458 6809 5130 30 16344 
15129	15290 
15148	4542 9227 13443 15040 17873 
15164	7455 9363 14694 14880 15113 16029 16344 16674 17955 1215 
15171	4612 
15193	8192 4240 4853 13480 1644 
15221	12333 12989 16166 12334 14255 4546 14857 16184 15233 16045 
15233	16166 15113 14255 12989 6998 11598 12249 15221 16184 12333 12334 1369 
15263	8416 4904 12265 
15290	12996 15129 1700 3 16166 
153	2089 12150 
15345	15373 15503 5620 3076 10399 16359 10988 1631 8823 14780 1265 
15355	8578 13484 
15358	8442 
15362	15113 
15364	17052 
15366	14934 14620 
15373	14780 15345 
15375	8442 
15376	14715 
15439	65 485 747 2330 3221 4165 4674 5130 6321 7242 8578 8953 9667 9684 10988 12073 12254 12593 13045 13619 13641 15113 15947 17029 17547 17933 
1545	3796 1096 16819 15584 14172 6088 4974 1496 3492 4899 
15454	718 7524 17484 
15457	5790 
15459	16829 
15464	9671 
15465	4855 
15468	9253 
15503	15345 8536 6741 
15504	16296 6712 
1551	602 730 
15528	1233 3125 7837 
15534	14546 
15538	3957 13167 
1554	1501 
15549	10706 13874 
15552	14225 
15555	905 
15561	4612 14178 1764 
15566	13045 
15568	10234 
15570	13125 
15584	12134 795 1545 2233 3009 
15590	7627 2219 
15592	10261 
15597	14674 
15624	2558 167 
15630	6503 10025 
15633	10124 
15638	14701 
15639	4520 
15651	10628 11775 15113 16430 
15652	15654 
15654	15652 
15655	6834 
15657	14935 
15660	9877 14293 12631 
15672	11937 13964 
15675	4163 
15680	5314 9205 12865 
15684	13688 
15688	16778 
15700	486 
1572	4883 
15720	16552 
15746	17541 
15752	13005 
15757	17547 15982 12915 
15758	11176 3126 
15759	16328 15785 
15761	8100 12741 
15765	5087 747 4595 15837 13540 9770 
15767	15113 
15778	4853 
15785	15759 16328 
15787	16166 4546 
1579	16373 193 
15822	9029 9021 6330 4897 1631 747 17955 16727 16194 16022 15845 15822 13503 11063 9099 
15837	16976 747 4595 5087 12690 15765 
1584	6824 7034 10336 
15845	11469 12453 14096 15822 15900 16022 17482 4297 6700 
15850	2126 6449 8254 10691 11521 11571 
1589	4216 
15900	16328 14330 15910 15900 15845 11283 
15906	12069 16337 
15910	15900 
15913	15032 
15921	12796 
15928	4625 
15934	16847 9053 
15947	4230 15439 16121 8416 718 
15948	6811 328 11322 
15950	12824 
15956	1895 7501 
15975	8641 
15976	7880 
15982	15757 12915 
15983	14878 
15986	16482 14384 10883 
1599	16607 8057 16593 
15993	9227 17004 
15995	16665 14383 11231 6228 1134 
15999	8416 14934 
16	1132 1034 
160	15072 
16020	10912 
16022	15845 15822 12554 
16023	16605 
16029	15164 
1603	912 2566 
16031	4978 8079 
16045	12986 16057 15221 4185 11529 16184 4546 
16057	16963 15080 13455 13035 12986 16045 8688 4185 7311 11613 
16068	12237 
16070	2337 9600 
16072	10628 
16080	10353 3181 4612 17179 17685 
16089	485 9790 2057 
16108	7770 10538 
16117	485 3833 5130 
16121	8416 15947 
16134	3833 7881 9843 11322 3571 
16136	3497 3389 13069 
16144	11283 8810 6911 
16166	1420 17511 17010 16818 16184 15787 15290 15233 15221 15113 14255 12989 12334 12333 11783 7794 
16170	17445 12154 
16171	9135 
16178	339 
16181	14608 
16182	149 
16184	16166 12989 14255 15221 15233 12333 16045 12334 4546 
16186	5328 4112 
16192	3349 814 2451 
16194	15822 9021 
16246	62 7794 8953 1895 
16247	17423 
16249	14782 1931 
16281	5412 11699 6827 718 
16282	6339 
16293	2904 
16295	14565 2803 
16296	6712 15504 
16308	12728 
1631	4750 7399 3833 14990 15345 15822 209 13503 8468 
16319	7686 3605 
16323	15113 
16328	15759 15785 3067 8254 15900 
16337	15906 14040 
16344	14694 15113 15164 
16353	17259 
16357	3382 
16359	10399 15345 
16362	4163 
16363	13540 
16368	4311 4614 14551 
16372	3281 2276 
16373	193 1579 
16377	10101 10046 9385 7734 5414 5314 2483 
16386	863 17371 
16393	1915 
16394	17746 2840 
16426	10229 7509 5035 4666 10628 14715 
16430	15651 
16431	12532 
16432	7861 
1644	915 8718 15193 8448 3209 
16443	9073 14832 17978 6858 
16446	6724 
1645	9619 
16451	13456 17744 10283 3569 
16458	1700 
16460	6889 
16462	9364 10354 
16476	11334 4999 
1648	684 
16480	13352 6247 
16482	10883 14384 15986 
16489	5468 14252 
16509	2663 10805 11283 12114 
16520	11729 6094 
16523	13390 
16541	14296 8164 7730 
16542	17758 13217 
1655	13210 11889 6385 14235 1764 
16552	15720 2534 
16554	8592 
16565	13061 13110 
16577	4064 13619 12844 8267 
16586	9991 
16587	14605 10353 4674 
16593	8057 1599 
16605	7458 17351 16023 6148 9597 15113 14309 10234 10804 11067 
16607	1599 8661 
1662	2012 12849 4674 12562 
16635	17644 2361 11408 12069 13514 17175 
16637	5601 17526 16766 3147 12238 6640 
16644	2363 9274 5334 
16651	12042 
16660	3769 11214 11578 11063 
16665	7707 15995 14383 11231 
16671	14383 14847 
16674	4526 15086 17955 15164 
16677	1329 
16680	12741 11525 14615 
16683	9132 
167	15624 
16700	12343 2233 5428 6846 12621 
16701	12653 
16702	12653 5751 
16723	14023 16766 9991 9384 2543 
16727	17955 15822 
16730	485 11500 10988 
16733	7429 
16737	17665 17644 
16747	12690 3643 
16766	16723 9991 6640 3214 12042 14023 16637 
16767	5662 
16776	5035 13384 14306 12456 13731 
16778	15688 
16779	10312 1352 
1678	11101 17164 9019 8698 7707 6222 4634 
16789	2038 11174 
16790	12744 
16791	7210 5430 
16798	3249 11954 
16799	9800 2274 9745 
1680	12919 
16803	3957 10039 
16805	3957 291 
16812	2367 
16813	4555 
16816	8221 
16818	16166 
16819	1545 3796 
16820	1449 9369 
16822	17221 
16829	15459 
1683	1496 1096 
16847	5600 15934 9053 13879 4352 4853 
16855	11925 6211 
16858	12986 9301 3916 2541 14293 
16859	553 
16867	976 
16868	303 
16872	1138 11571 7340 
16874	17644 2361 
16878	4064 13296 
16887	6479 1074 
16895	5467 
16896	5752 
16899	7501 
1690	10715 
16925	5625 
16943	6652 9439 9578 11872 12998 13731 
16953	3790 6960 
16963	8688 16057 7311 17876 11613 13035 13300 4315 1764 13858 
16976	7399 1721 15837 12009 8750 7464 
1700	15290 16458 
17001	6942 
17004	15993 
17010	16166 
17017	13342 8993 5035 
17018	12715 13921 622 8065 
1702	6313 
17029	11500 15439 17095 17882 12265 7219 9451 485 368 
17030	4163 
17052	15364 2219 13524 12503 9494 9296 
1706	17845 
17095	368 17029 14652 11500 4104 2534 485 
17096	690 
17109	5715 
17110	14800 
17117	9442 8917 
17120	6479 8655 
17121	140 
17122	1440 
1713	17753 2461 9124 
17130	8842 1895 
17146	5693 
17147	339 
17148	10019 
17164	7707 941 1678 4634 8698 9019 9860 10099 
17169	4305 
1717	3198 6227 12704 
17175	17644 16635 2361 14280 
17177	10988 11500 
17179	16080 
17181	7597 12704 
17184	10969 10651 1098 
17185	2479 
17186	6889 4586 
17190	13086 
17197	10099 14140 17246 9558 
17201	6503 
1721	3047 16976 12453 7464 7399 
17212	12713 14067 
1722	9073 5744 
17221	16822 5744 
17230	7785 
17246	17197 9558 
17259	16353 
1726	3881 7501 
17271	12170 
17274	2777 17547 
17275	9991 
17291	12042 9991 930 
17304	2667 2126 905 14393 10026 8065 2805 
17305	8065 13921 
1732	13688 
17336	12932 15032 17592 13978 3145 12839 
17346	14151 12042 8967 7131 
17347	12578 
17351	16605 10804 10234 
17355	1421 
17356	9668 
17367	3404 9991 680 
17371	16386 
17379	9658 
17390	14470 
17403	9105 9441 
17414	7622 3594 
17423	16247 
17430	1329 
17436	830 9337 
17442	7827 
17445	16170 
17477	13830 2574 14506 9361 
17478	7563 
17482	14096 12453 15845 11469 6700 4297 
17483	7985 
17484	15454 
17489	6636 2397 14848 
17493	7049 
17511	7653 17644 16166 7366 13551 7794 
17526	1041 12238 9992 6359 3147 16637 11231 12915 5601 
17541	6132 14531 15746 
17547	15757 12915 8953 2777 17274 15439 
17556	10111 10949 7014 
17568	8721 
17569	10127 3691 
17592	12839 13828 17336 
17598	1996 
17609	12933 12976 13828 14293 17720 310 12648 
17617	4971 
17620	9991 
17625	14605 10353 
1764	1655 13858 14178 13026 10110 9899 15561 16963 4949 4193 661 
17644	17175 16874 16737 17665 16635 2361 17511 
17655	10628 
1766	12964 
17662	12865 5662 
17665	16737 17644 
17667	3054 
17668	13605 
17673	5075 
17685	5952 16080 9254 3181 
17688	12343 4971 
17691	11917 
17697	6672 12608 
17698	13037 
17700	9619 
17711	5657 7780 4789 
17712	8858 
17717	6353 10261 
17720	17609 12648 310 12976 
17723	10073 
17726	13061 4335 
17727	674 
17728	8892 
17735	13929 4564 5363 13588 14844 
17736	17810 
17743	3125 7837 
17744	3569 13456 16451 
17746	16394 11098 2840 
17753	1713 2461 
17758	16542 13217 
17759	9763 
17760	10560 11479 3148 
17776	2534 11816 
1779	1172 3378 11094 17933 7119 7204 8881 2716 
17793	10765 
17798	7837 1233 
17799	13918 13809 
1780	7767 
17801	9860 12043 10099 
17805	11699 
17807	13542 
17810	17736 
17812	4480 
17816	9001 
1782	732 8637 
17828	11660 14837 
17830	2106 
17845	2467 12630 1706 
17846	1950 
17847	10034 
17848	5035 
1785	3104 
1786	12369 
17873	9227 15148 977 
17874	3156 
17876	16963 
17882	7219 12265 17029 
1789	7118 13877 
17933	4295 6292 9612 12337 12658 13045 14900 15053 3221 2289 1779 15439 
17942	7438 14685 1468 
17955	11285 8666 15822 16674 16727 15164 3098 5433 
17970	2396 
17973	7628 
17978	16443 14832 9073 
17982	11174 
17983	2725 
17994	11174 
18000	11370 
1816	1895 5600 11174 6869 
182	6806 11312 
1821	3881 
1822	10691 
1826	344 
183	9533 
184	10402 7374 
1895	11383 13008 17130 16246 583 1329 1816 2503 3452 4750 6185 7501 15956 
1902	3452 5952 
1904	14178 
1905	13634 
1915	16393 
193	16373 5388 1579 
1930	3619 3625 4971 4059 
1931	16249 
1939	12752 
1948	1237 
1950	11602 17846 14256 
1951	13088 10022 
1956	10295 
1995	5215 4446 12936 11856 7564 12623 2979 11760 148 5783 
1996	17598 
20	6942 
2000	6244 1382 
2001	9361 
2012	1662 3030 4579 12915 9451 5804 7839 2536 1333 
2038	11029 16789 11649 11174 1329 
2050	8038 3973 3389 863 2169 
2057	16089 3854 
2060	810 
2061	2963 
2075	9882 
2089	153 
209	1631 7930 14502 4750 
2090	11063 13644 5412 
210	12915 2337 
2106	10851 10436 8668 550 17830 
2108	8863 
2111	7666 
2126	10001 10691 11521 6206 3968 11571 3821 905 14393 15850 17304 10072 
2127	3821 10072 
213	13175 8355 
2147	14096 
2152	6653 
2162	3557 
2169	2050 8038 10185 14047 
2183	878 1038 
2192	728 6664 7896 
2205	8121 
2209	10200 
2219	11388 8712 17052 15590 
2220	4789 
2233	795 16700 15584 12134 
224	8536 376 
2274	5932 16799 14871 13346 11896 9800 9745 4105 3252 
2275	13146 13918 
2276	16372 3281 
2289	14900 12118 17933 
2292	11428 
2322	10648 
2330	9277 14333 13840 13641 3221 139 15439 
2337	7653 9600 10099 16070 12915 210 
235	4547 8100 9604 
2352	7223 764 3142 13520 
2361	16874 16635 17644 17175 
2363	5334 16644 
2365	13412 1375 14043 
2366	4352 
2367	16812 
2368	10907 
2370	372 14617 
2371	12915 11559 
239	7563 11001 4634 
2394	14502 9533 5898 
2396	17970 
2397	17489 6636 
2398	620 
240	12031 
2401	9375 
2403	3581 11292 4988 
2407	2962 1057 
243	14598 
244	4465 
2451	814 3349 4666 5927 7821 9099 11500 16192 135 
2461	11760 1713 17753 6129 
2466	13847 14942 
2467	17845 
247	9489 
2474	14942 2593 7563 
2475	6602 
2477	10312 4579 377 9566 
2478	10050 
2479	17185 
2481	9891 
2483	5314 10101 16377 
2503	1895 6869 583 1420 1329 
2512	8005 8539 
2534	16552 17776 17095 10269 
2536	2012 4579 
2541	13756 14293 16858 12986 3916 
2543	16723 
2545	4978 8079 
2547	13641 12865 
2558	15624 
2566	1603 
2568	10834 
257	9031 
2570	7281 14869 6197 
2574	17477 9361 
2593	11001 2474 2593 6429 14942 12335 7563 
2595	7930 
2602	13361 
2605	6385 
2611	8350 9664 
2622	4674 11322 
2631	1074 1369 
2639	4861 14299 
2663	3765 12114 12629 16509 4112 
2667	5229 2805 17304 10026 
2670	11823 
2671	15064 
2675	589 8350 
2716	1172 4230 6480 9790 8986 10047 2772 1779 
2725	17983 
2747	12848 
2767	6601 
2772	2716 
2773	8754 7653 11256 
2777	17274 17547 
2794	9775 
2801	9693 
2803	16295 14565 
2805	2667 17304 10026 
2813	333 330 
2815	6301 
2817	341 
282	7950 14428 6007 
2828	12424 
2832	443 
2836	9681 3811 6449 
2840	16394 17746 
2849	6696 10240 
285	11063 8558 5412 
2855	7812 
2861	10809 11063 
29	10034 
2904	810 16293 
2908	3068 
291	16805 3957 
2962	2407 11063 3338 
2963	2061 
297	14023 11252 
2970	97 135 
2979	1995 
3	15290 
30	15113 
3007	6430 9280 13563 14470 
3009	15584 
3021	12305 
303	16868 1277 
3030	7839 1333 2012 4579 5804 
3037	12009 
3042	4125 
3047	7399 12453 1721 
3051	10107 
3052	5079 
3054	17667 
3056	4538 
3067	16328 7219 
3068	2908 
3076	6060 15345 7552 
3098	8666 17955 
310	12648 12933 12976 17609 17720 
3104	1785 
3113	14139 13389 5317 13551 
3118	4172 
3125	7837 17743 15528 1233 
3126	15758 11176 
3131	4436 448 
3139	334 
3142	6836 2352 
3145	17336 
3147	12238 5601 17526 16637 
3148	10560 17760 11479 
3154	8989 
3156	17874 
3157	6849 
3164	10124 
3165	12391 12976 
3167	13829 10319 
3181	17685 16080 
319	6626 
3198	1717 
32	6503 33 5304 
3200	1074 8536 
3209	1644 8718 
3211	9534 6301 
3214	12042 16766 
3221	2330 4374 9612 11224 12658 13641 15053 15439 17933 
3249	16798 
3252	2274 
3254	5582 
3263	13619 
3268	3274 
327	6598 
3274	3268 
328	6811 15948 11322 
3281	2276 16372 14285 
3288	6425 13025 7399 
3292	4875 
33	6503 32 5304 
330	333 2813 
333	330 2813 11174 
3338	2962 
334	3139 
3348	5898 6015 
3349	16192 2451 
3351	12366 
3360	9445 11937 
3361	3800 
3372	9533 9194 
3376	8842 
3378	1779 
3382	16357 
3389	16136 2050 1265 
339	17147 16178 14295 12752 
3400	11926 
3404	17367 9991 
341	2817 
3411	9837 
3415	7524 6353 
344	1826 
3452	1895 1902 
3456	6702 7542 12690 
3457	9201 
346	5625 
3462	10164 
3483	3881 7524 
3492	1545 
3494	3625 4059 
3497	13069 16136 
3526	10668 13125 3723 3881 
3531	11109 363 
3554	13008 11968 9380 14344 
3557	2162 
3569	13456 16451 17744 
3570	12274 
3571	16134 
3576	8578 
3579	6834 10283 9629 
3581	4988 2403 11292 
3593	7101 
3594	17414 
3602	130 
3605	16319 
3610	847 10001 
3619	3625 1930 4059 
3625	3619 5114 8065 3494 1930 4059 
363	3531 5432 
3636	7354 3808 
364	4806 
3643	16747 
3661	11856 4620 7501 9415 
3673	14614 10935 7529 
3674	11092 
368	485 10988 17029 17095 11500 
3685	10001 14261 
3691	9284 17569 11176 10241 10127 
3698	10930 
3699	4336 
372	14617 12173 2370 
3723	8556 10691 3526 11340 13125 
3725	12406 4216 
3726	10904 
373	5297 
3732	11819 
3733	8598 
374	13189 
3752	9586 
3754	9742 6876 13952 
376	224 
3762	3762 
3765	7001 2663 4112 12629 
3767	11961 4791 
3768	583 
3769	16660 11063 
377	10312 2477 
3788	13274 
3790	16953 
3796	1545 16819 
3798	4335 
380	10369 
3800	5304 3361 
3807	1488 
3808	3636 
3811	6449 9681 2836 
3821	2126 2127 6388 10072 
3828	6626 
3830	14137 
3833	16117 16134 1631 
3836	9073 
3847	8536 
3849	4177 
3850	11090 
3854	2057 
3881	13445 1726 3526 3483 1821 7501 
3891	550 
3893	12961 
3897	4792 14674 
3900	4031 
3915	6243 11231 9180 
3916	16858 14293 12986 2541 
3920	4806 
3957	16803 15538 13167 291 10039 16805 
3962	5693 
3963	10812 
3964	3966 5075 
3966	3964 5075 
3968	2126 11521 
3973	2050 
3981	11220 
4000	4112 
4031	5419 3900 
4035	11699 
4041	14822 8356 
4043	8211 
4051	7204 6088 1496 1096 
4059	3619 3625 5114 1930 3494 8065 
4064	16878 13296 13619 16577 8267 
4104	5043 11192 11856 14531 17095 10564 7501 7306 
4105	2274 
4112	12629 7001 4000 16186 5328 3765 2663 
4118	8192 
4125	3042 
4128	6505 
413	13655 8592 
4142	930 7408 
4163	17030 16362 15675 12001 
4165	5130 15439 15113 
417	8878 7152 
4172	15006 13389 3118 
4175	14233 14157 
4176	5784 
4177	3849 
4185	12986 16057 16045 
4193	1764 661 7680 
4195	5057 
4196	8005 
4199	6202 913 
421	6186 
4216	3725 9850 12406 10048 1589 
4218	13362 
4221	7668 
4230	15947 2716 
4240	10072 9043 15193 7245 
4273	15 
4275	9131 9378 
4295	17933 
4297	15845 14096 12453 11469 17482 6700 
4298	7204 
4299	11521 
4305	17169 
4309	7210 10108 
4311	16368 
4315	7311 143 8688 11613 13300 16963 
4319	9807 6878 
4322	6088 
4324	10718 
4335	3798 9134 12454 13061 17726 13110 
4336	3699 
4342	10364 
4352	9053 11664 16847 2366 
4365	4366 
4366	4365 
4370	604 11460 
4371	12324 
4373	12143 
4374	3221 
4376	1034 6491 
4380	1057 
4381	6889 
4392	5744 
4393	5631 
4394	14598 
4397	11559 12915 9770 5602 
440	12177 5933 11453 
4405	11435 6659 11453 4438 
441	485 14341 
4424	5227 11387 
443	2832 
4436	13443 448 12545 12022 8363 4498 3131 
4438	4405 11435 11453 
4446	1995 11856 
4448	4659 
4452	5630 
446	6506 7399 
4463	14978 14974 5060 5099 
4465	244 
4469	8019 
4472	12477 
448	4436 3131 
4480	17812 
449	590 
4497	14185 9036 5637 7861 
4498	4436 
4506	10834 7765 
4509	4513 
4513	4509 
4515	5314 
4520	14978 15639 14716 
4526	16674 15086 
4538	3056 
4539	616 
4542	15148 
4546	16184 15221 15787 16045 
4547	8100 235 
4549	8102 
4551	13381 
4555	16813 
4564	17735 
4579	2477 2536 3030 5804 7839 9451 9566 12915 2012 1333 
4585	85 
4586	17186 6889 
4595	15765 5087 747 15837 
4612	15561 16080 15171 9171 
4614	16368 14551 
4620	3661 
4623	7320 11876 
4625	15928 
4634	17164 239 1678 7707 11001 
4640	8565 
4643	6135 
4650	5146 
4659	4448 8275 14628 
4660	12292 
4661	610 
4666	2451 7821 9099 16426 
4674	8005 10353 14605 15439 5075 2622 1662 16587 11322 
4677	7014 10949 
4681	7895 
4685	7688 
4750	209 1631 1895 5087 5489 6088 8536 9412 10099 11699 
4753	7362 
4762	8075 
4763	7504 
4768	8080 
4769	8578 
4781	14857 9991 
4789	2220 17711 
4791	3767 11961 
4792	14674 3897 
4795	9631 
4806	364 3920 
485	10988 368 441 5130 8470 8593 8688 17095 17029 16730 16117 16089 15439 14341 13579 11500 11032 
4853	15193 7007 5254 9053 16847 9991 15778 13496 
4855	12844 15465 
486	15700 
4861	12593 2639 14299 
4863	12625 11660 
487	11938 7204 
4875	3292 4876 
4876	4875 
4883	8674 1572 
4888	15002 14052 
4897	8558 15822 11063 7399 6626 5836 
4898	11063 
4899	1545 
4900	6998 
4904	15263 
4915	10197 8977 12532 
4930	8680 13213 12069 
4932	8812 
4934	1160 
4949	1764 
4971	17688 17617 1930 
4974	1545 6088 
4978	8079 2545 16031 11063 
4983	11283 
4988	3581 2403 11292 
4999	16476 11334 
5	7779 
5035	14185 10628 12532 12628 14715 16426 16776 17017 17848 
5043	4104 12003 11192 
5048	14907 
5049	6009 
5056	5844 
5057	4195 
5060	5099 4463 
5075	992 3966 4674 17673 3964 8005 
5079	3052 7885 7892 
5087	12690 4750 15837 747 4595 15765 
5088	7880 
5099	4463 14974 5060 
5101	13001 
5102	13551 
5114	3625 4059 5358 
5130	15439 15113 13641 13579 10988 4165 485 16117 
5140	12616 
5146	4650 
5156	6697 
5165	7451 14367 
5215	1177 10648 8068 1188 1995 11760 13353 
5219	12560 
5227	4424 
5229	2667 
5254	1329 14686 14308 4853 
5278	10718 12047 
5283	10949 7014 
5295	12012 11283 9008 9006 
5297	373 
5301	13980 91 
5304	3800 32 6503 33 
5314	12865 16377 15680 2483 4515 6827 7227 9205 10101 
5317	14139 3113 
5328	4112 12741 16186 
5331	10648 
5334	16644 2363 
5337	6689 
5341	12656 8688 
5343	1163 5693 6234 
5344	609 
5346	8057 
5358	12126 5114 
5363	17735 
5388	193 
5404	10227 1078 13605 
5412	11063 6827 2090 285 8558 16281 13644 
5414	10101 16377 9385 
5419	4031 
5424	12705 
5428	6846 16700 12621 
5430	7210 16791 
5432	363 
5433	17955 11285 
5449	10549 
5466	6601 12097 
5467	16895 
5468	16489 14252 
5484	1265 
5487	10312 9720 
5488	6088 
5489	4750 8536 
550	14074 5836 2106 12265 3891 
5500	8610 
553	16859 
5541	6212 13342 10657 8592 8561 8209 6652 5989 
5547	11559 12915 
5553	10912 
5576	6007 7889 
5582	8994 3254 
5590	11792 11370 
5600	1816 16847 13879 
5601	17526 16637 3147 12238 
5602	9770 12915 4397 11559 
5620	15345 10940 10988 12955 
5625	16925 8628 346 
5630	4452 
5631	4393 
5634	13348 
5637	4497 
5657	1440 17711 7780 
5662	7035 16767 17662 12865 
5693	17146 13655 5343 3962 
5715	8074 11988 7720 17109 
5744	17221 9073 7720 4392 1722 
5749	10003 
5751	12653 16702 
5752	16896 
5755	14814 
5783	11760 7451 1995 
5784	4176 
5790	15457 
5795	6481 
5797	842 
5798	7666 
5804	7839 4579 2012 1333 3030 
5817	12117 
583	1895 3768 7800 8049 8926 10700 1329 2503 
5836	550 4897 11063 649 
5841	14962 870 
5844	5056 
5857	7159 8350 783 
5859	5898 
586	13578 
5869	12552 616 6911 12028 
5870	6313 
589	2675 8350 
5898	3348 5859 6015 2394 
590	449 
5927	11500 10494 14096 13503 13274 2451 6148 
5932	2274 13346 
5933	440 
5952	11242 1902 17685 11220 
5955	6354 7738 
5956	11312 
5958	5963 
5963	5958 
5972	8879 719 
5989	5541 
5999	8020 
6	10715 
6007	5576 282 7950 14900 
6009	5049 
6011	12808 
6015	5898 3348 
6018	12563 
602	1551 
6021	10072 11231 
604	4370 11460 
6058	7207 8916 13342 
6060	3076 10437 7552 
6062	1133 
6063	8448 
608	13356 13719 
6088	4051 1096 4750 4322 4974 1545 5488 9561 14172 
6089	9412 
609	5344 
6092	7095 
6094	11729 16520 
610	4661 
6121	682 7591 12596 8118 
6127	6796 
6129	2461 
6132	17541 
6135	4643 
6138	1448 6394 
6145	8142 
6148	10804 16605 11067 5927 7411 8065 9597 10234 
616	11001 5869 4539 9362 
6185	6911 14280 12315 12151 11383 1895 10465 
6186	421 
6195	7583 
6197	14869 2570 7281 
62	62 16246 
620	2398 
6200	9044 
6202	4199 
6205	10425 6630 
6206	2126 11521 10691 
6211	16855 13470 11925 
6212	5541 
622	17018 8065 12715 13921 
6220	7978 
6222	1678 11101 
6226	12249 
6227	1717 
6228	11231 1134 15995 
6232	6831 
6233	8897 
6234	1163 5343 
6235	7094 
6243	3915 
6244	2000 1382 
6247	16480 13352 
6279	8674 14780 
6284	11453 7823 7707 
6286	12704 
6292	17933 7524 
6301	3211 2815 9534 11719 
6313	10892 5870 1702 
6321	15439 7242 9667 
6330	10496 9029 15822 
6335	13581 
6336	14531 13342 
6339	16282 8416 
6345	12441 
6346	7524 
6353	17717 15080 7524 3415 
6354	5955 7738 
6355	10165 
6356	10711 
6359	9992 11231 17526 
6378	13061 11471 12496 13918 13163 13809 13146 
6385	2605 1655 
6388	3821 
6394	6138 1448 
6425	9696 13025 3288 
6429	7563 2593 11001 
6430	14470 3007 
6449	3811 15850 10691 2836 
6453	12033 
6460	13277 
6461	10278 
6465	9138 
6479	1074 9412 16887 17120 8655 
6480	2716 
6481	5795 
649	881 5836 
6490	10668 
6491	4376 1034 
65	8953 12073 15439 
6503	15630 17201 10025 5304 33 32 
6505	4128 
6506	446 
6598	6919 12237 11174 8745 327 
6601	5466 2767 
6602	2475 
6609	9108 9645 1217 
661	7680 1764 4193 
6614	8446 
6626	4897 7399 3828 319 6726 13003 
6630	6205 10425 
6634	11290 8858 
6636	2397 17489 
6640	16766 16637 
6652	8209 8592 13381 16943 5541 
6653	2152 
6655	8858 
6659	4405 11453 
6664	2192 
6672	12608 17697 
6674	10019 
6675	7664 
6689	8361 5337 
6696	10240 2849 
6697	5156 
6700	17482 11469 12453 14096 4297 15845 
6702	3456 
6712	9007 15504 16296 6719 
6719	6712 
6723	8612 
6724	16446 
6726	6626 
6727	15041 
673	9489 10954 
674	17727 
6741	15503 
6743	13294 12964 
676	12368 
678	10401 
6796	6127 
680	17367 9991 
6800	12283 
6806	182 
6807	8100 
6809	15113 
6811	328 15948 11322 
682	6121 12596 8118 
6824	1584 10336 
6827	16281 5412 5314 
6831	6232 
6834	3579 9629 15655 10283 
6836	3142 8194 8922 
684	9297 1648 
6846	13688 16700 12621 9259 5428 
6849	3157 
6853	10905 12796 
6858	16443 
6869	1329 1816 2503 
6876	3754 
6878	9807 4319 
6889	16460 17186 4381 14179 4586 
690	17096 
6911	10465 5869 6185 8810 9136 16144 11283 
6913	14280 
6919	6598 11174 
6942	17001 20 1358 
6945	8192 
6960	13734 16953 
6998	4900 15233 8536 
70	71 
7001	4112 3765 
7007	4853 
7014	10949 4677 5283 17556 
7017	13170 
7034	1584 
7035	5662 12865 
7049	17493 9171 7812 1074 
7056	7627 13294 
7059	10864 
7060	12431 
7065	14547 11246 
7066	14155 
7092	13688 12505 
7094	6235 
7095	6092 
71	70 
7101	3593 
7117	13146 13809 13918 
7118	1789 
7119	8881 1779 
7120	7245 
7131	17346 14151 
7152	8878 417 
7159	8350 5857 
718	15947 15454 8416 830 16281 
719	8879 5972 
7204	4298 11094 10880 10145 10112 9265 487 1779 11938 4051 
7207	6058 13342 
7210	4309 10108 16791 5430 
7219	12265 17882 17029 12381 7549 3067 
7223	2352 13520 
7227	14303 5314 
7238	14134 
7242	6321 12122 15439 9667 15 
7243	13688 
7245	4240 7120 
7250	13281 
7257	12042 
726	11001 
728	2192 
7281	2570 13381 6197 14869 7291 12170 
7291	7281 14869 
730	1551 
7301	7930 
7306	4104 7501 
7311	13300 16963 16057 13035 4315 8688 11613 
7317	8110 
732	8637 1782 
7320	11876 4623 
7338	8266 14233 
7340	16872 11571 
7354	3636 
7356	12728 
7358	1375 
7362	4753 
7366	17511 
7374	184 10402 992 
7399	6626 7464 1721 1631 446 147 4897 16976 14990 3047 3288 9681 12453 
7408	4142 
7411	8065 6148 
7429	16733 
7438	17942 1468 
7440	10104 
7451	5783 5165 
7452	12961 9489 
7455	15164 8674 
7458	16605 15113 
7459	7460 12377 
7460	7459 12377 
7464	7399 16976 1721 
747	4595 5087 15439 15765 15822 15837 
7470	11856 
7501	11856 16899 15956 7306 4104 3881 3661 1895 1726 1329 
7504	4763 
7509	16426 10229 
7524	1059 6292 6346 3483 9533 6353 11008 3415 15454 
7529	3673 
7542	13345 12941 12690 9658 3456 1351 
7549	7219 12381 
7552	10437 6060 3076 
7553	13385 
7563	2474 2593 6429 11001 14942 17478 239 
7564	1995 
7583	6195 
7591	6121 
7597	12704 17181 
7622	13224 13360 9840 17414 
7627	7056 15590 
7628	17973 
7630	14883 
7636	10931 
7637	12821 
764	14729 14302 7653 2352 
7653	17511 8754 9667 10074 10099 11256 13294 764 2337 2773 13514 
7659	10811 
7664	6675 
7666	5798 2111 
7668	4221 
7678	12846 14280 
7680	4193 661 
7686	16319 
7688	4685 
7707	9770 17164 16665 14341 13540 12648 6284 4634 1678 
7720	5744 5715 9991 
7726	9991 9566 
7730	16541 
7731	10537 
7734	10046 16377 
7738	6354 5955 
7745	11029 8361 1 
7765	4506 10834 
7767	1780 10099 
7770	16108 10538 
7779	5 
778	8140 
7780	5657 17711 
7785	17230 
7794	16166 16246 17511 14249 14531 
7800	583 
7812	2855 7049 
7813	10186 
7815	10698 
7821	4666 2451 9099 
7823	6284 
7824	10106 
7825	11428 
7827	17442 
7829	9600 
783	5857 
7830	12915 
7831	12915 
7837	3125 17798 17743 15528 1233 
7839	3030 4579 5804 2012 1333 
7843	9053 
7851	10504 11309 
786	12579 12637 
7861	4497 16432 
788	10989 
7880	5088 7889 15976 10295 
7881	16134 9843 
7885	7892 5079 
7889	7880 5576 
7892	7885 5079 
7895	4681 14653 
7896	2192 
7900	14074 
7901	8578 
7930	209 9201 7301 2595 
7934	14552 
795	796 15584 2233 
7950	8592 8019 282 6007 14900 14428 12131 11466 
796	795 
7978	6220 
7985	17483 8592 
7987	14438 
7991	14118 10930 
8	9490 
8005	8539 11500 14383 5075 4674 4196 2512 
8007	8266 
8012	14407 14437 
8016	14428 14437 
8019	4469 7950 
8020	5999 
8022	9829 
8028	9378 
8038	2169 2050 11917 9183 
8049	10700 583 12567 
8057	1599 5346 16593 
8065	17304 17018 13921 13918 13146 12715 12593 7411 6148 4059 3625 622 17305 
8068	5215 13828 
8074	5715 14832 9073 
8075	4762 
8079	2545 4978 16031 
8080	4768 
810	2060 2904 
8100	6807 235 12741 15761 8858 9604 4547 
8102	4549 
8110	12017 7317 
8114	15005 
8118	12596 682 6121 
8119	9533 
8121	2205 
814	16192 2451 
8140	11888 778 
8142	6145 
8152	13225 
8163	14245 8720 139 
8164	16541 
8169	10698 11524 
8192	6945 4118 15193 
8194	6836 8922 
8209	5541 6652 
8211	4043 
8221	16816 
8254	10253 11087 1074 16328 15850 
8266	7338 8007 
8267	4064 16577 13619 
8275	4659 
830	17436 718 11904 
833	14839 8750 8811 13554 
8350	2611 2675 5857 7159 8916 10432 589 1158 
8355	213 13175 
8356	4041 14822 
8361	6689 7745 
8363	4436 
8370	14817 
8416	12265 9117 6339 718 15263 15947 15999 16121 
8419	11937 9445 
842	5797 14023 
8442	8536 15375 11715 15358 11972 
8445	14550 12741 
8446	6614 
8448	1644 6063 915 
8468	1631 
847	10001 3610 
8470	485 14652 10988 
85	4585 
850	9804 
8536	12138 11598 11006 11699 10644 8442 15503 14694 6998 5489 4750 3847 3200 14502 12441 12249 1074 224 
8539	2512 11500 8005 
8555	12853 11349 
8556	3723 
8558	11063 285 4897 5412 
8561	5541 
8565	4640 
8578	15355 11537 7901 4769 3576 15439 
8592	16554 12472 7985 7950 6652 5541 413 
8593	11032 485 
8598	3733 
8610	5500 
8612	6723 
8628	5625 
863	2050 16386 
8637	1782 14674 732 
8641	15975 
8646	14023 
8655	6479 17120 
8661	16607 
8666	17955 3098 
8668	10851 2106 
867	9805 
8674	6279 4883 7455 
8680	4930 13213 
8688	12050 16963 16057 13300 13035 12656 11613 7311 5341 4315 485 
8698	9019 17164 9871 1678 
87	11668 
870	5841 
8708	14313 
8711	12991 10904 
8712	2219 
8716	10872 
8718	1644 3209 
8720	8163 
8721	17568 
8745	1329 6598 11283 12237 
8748	10295 
8750	8811 833 14839 16976 13554 
8754	2773 7653 11256 
878	2183 
881	649 
8810	11487 9892 11510 6911 12001 16144 11560 
8811	14839 13554 8750 833 
8812	4932 
8822	11816 
8823	15345 
8826	11463 9888 
8842	17130 3376 
8858	10399 11290 6634 8100 6655 17712 
8861	12323 9010 
8862	12254 
8863	2108 
8878	7152 417 
8879	719 5972 
8881	1779 7119 
8892	17728 
8895	10917 
8897	6233 
8916	8350 6058 
8917	17117 9442 
8922	8194 6836 
8926	583 
8939	14239 
8953	65 17547 16246 15439 
8956	13619 
8967	17346 12042 
8977	1074 4915 
8986	2716 
8987	10628 
8989	3154 
8993	17017 
8994	5582 
8998	12915 
9001	17816 
9004	10915 
9006	5295 
9007	6712 
9008	5295 
9010	8861 
9019	17164 1678 8698 
9021	15822 16194 
9029	10496 15822 6330 
9031	257 
9036	4497 
9043	4240 
9044	6200 
905	14393 15555 17304 2126 
9053	4853 15934 7843 16847 4352 
9073	17978 16443 1722 3836 5744 8074 14832 
9079	11327 
908	9253 
9085	9602 
9088	9578 
9092	14799 
9099	15822 2451 7821 4666 
91	5301 
9105	17403 9441 10364 
9108	6609 9645 1217 
9113	12796 
9117	8416 
912	1603 
9124	11003 1713 11284 12121 
913	4199 
9131	4275 
9132	16683 
9134	4335 13110 
9135	16171 
9136	6911 11283 
9138	6465 
915	1644 8448 
9171	1074 4612 7049 
9172	1172 
9180	3915 14245 
9183	11917 8038 
9194	3372 
9201	3457 7930 
9205	15680 5314 
9206	11428 
9227	17873 15993 15148 11178 1369 977 
9238	11822 
9241	9259 
9253	908 15468 
9254	17685 
9259	9241 6846 14295 13688 
9264	10930 
9265	7204 
9270	12003 
9274	16644 
9277	2330 
9279	10072 
9280	13563 3007 
9283	14820 
9284	3691 11176 
9296	17052 12503 
9297	684 
930	17291 4142 
9301	13010 10115 16858 
9314	10628 
9337	17436 
9361	17477 2574 13422 2001 13528 
9362	616 11001 
9363	1215 15164 
9364	10354 16462 
9369	12729 16820 1449 
9375	12097 2401 
9376	10707 
9378	4275 8028 
9380	3554 11968 
9381	13551 
9384	16723 9991 9438 
9385	5414 10101 16377 
941	10099 9860 17164 
9412	4750 6479 6089 
9415	3661 
9417	10353 
9418	9682 
943	11259 
9438	9991 9384 
9439	16943 
9441	17403 9105 
9442	17117 8917 
9445	11937 8419 3360 
9451	2012 17029 4579 
9489	673 247 7452 11713 12961 13500 
9490	8 
9494	17052 
9508	9698 
9533	183 2394 3372 7524 8119 10725 11104 12265 14397 
9534	3211 6301 
954	970 
9558	17197 17246 12292 13765 
9561	6088 
9566	2477 7726 9991 4579 
9569	1226 
9570	14564 
9571	15 
9578	9088 11872 16943 
9580	11453 
9585	1192 
9586	3752 
9597	14309 10804 14942 16605 10234 6148 12989 11067 
9600	16070 2337 7829 
9602	9085 
9603	11454 
9604	8100 235 
9612	17933 3221 12658 15053 
9614	14096 
9619	1645 17700 
9629	10283 6834 3579 
9631	4795 
9634	9812 
9645	6609 11970 9108 1217 
9658	13688 14204 17379 7542 
9661	15016 
9664	2611 
9667	7242 7653 15439 6321 
9668	17356 
9671	15464 
9681	3811 7399 2836 147 
9682	9418 
9684	15439 
9693	2801 
9696	6425 13025 
9698	9508 
97	2970 135 
970	954 
9714	11599 
972	11838 
9720	5487 
9742	13952 3754 
9744	11571 
9745	2274 16799 9800 
976	16867 
9763	17759 
977	9227 17873 
9770	4397 5602 15765 13540 12915 12865 12648 11559 7707 
9775	2794 
9790	2716 16089 12389 10537 
9792	14239 
9800	16799 2274 9745 11305 
9804	850 11667 
9805	867 
9806	1359 13031 
9807	6878 4319 
9812	12171 9634 
9829	14910 14962 8022 
9837	3411 
9840	13088 7622 
9843	16134 7881 
9850	12406 4216 
9860	10099 12043 17164 941 17801 
9871	8698 
9877	15660 14293 
9882	2075 
9888	8826 11463 
9889	13110 
9891	2481 
9892	8810 
9894	11098 
9899	1764 
9904	9991 
992	5075 7374 
9991	17275 16766 16723 16586 14023 17291 17367 17620 12713 9566 9438 9384 7726 7720 4853 4781 3404 1166 1145 680 9904 
9992	11231 17526 6359 
